8
16
6
9
0
1
16
1
4
40
25
19
1
8
7
3
2
16
11
30
8
62
4
3
2
1
24
26
29
3
16
4
48
9
0
0
0
12
20
24
2
1
10
2
35
1
5
9
25
4
26
0
18
0
3
17
5
0
0
18
4
38
1
16
0
7
12
5
7
31
19
4
1
25
13
0
26
57
23
28
10
59
5
4
25
19
2
79
51
2
24
39
32
58
4
4
4
6
17
3
4
7
5
46
44
53
38
29
1
31
33
2
25
4
1
5
52
37
8
101
3
22
19
27
26
10
181
0
0
45
33
5
4
13
3
27
1
64
8
29
0
7
41
4
44
6
9
14
12
24
26
8
3
14
16
0
1
2
4
4
1
9
1
57
47
8
39
4
71
89
3
27
0
10
22
10
21
29
36
7
4
15
0
20
2
2
20
76
3
67
20
9
15
29
6
12
24
26
22
5
4
1
18
2
32
2
10
4
16
24
1
29
0
16
8
112
20
0
8
58
23
45
19
5
30
24
52
2
3
30
11
52
17
20
44
6
8
37
20
0
14
5
12
1
8
31
42
37
6
21
7
21
35
2
43
30
2
14
47
4
3
8
10
11
11
21
27
2
8
11
12
7
8
1
24
131
7
12
7
46
7
14
40
10
7
11
17
3
27
4
8
4
28
15
32
68
32
6
38
19
21
27
6
1
2
4
6
75
5
30
18
12
0
18
4
10
106
5
4
1
1
0
2
12
28
9
3
8
6
9
1
13
8
20
3
4
9
9
8
23
9
9
2
46
18
7
0
6
6
7
4
9
13
4
23
15
6
0
4
34
28
29
2
3
14
5
32
18
0
5
12
12
5
13
9
26
0
44
0
16
8
143
13
6
26
2
19
14
1
64
14
2
24
2
0
17
19
60
7
86
7
11
4
27
1
4
13
21
42
0
4
25
30
108
7
5
2
17
9
22
9
3
9
40
3
10
53
14
7
2
12
42
3
2
65
112
7
1
4
6
11
5
4
0
16
27
39
1
5
10
33
42
84
0
24
3
2
29
1
0
7
13
23
36
30
32
3
4
4
0
53
29
5
21
0
46
4
11
4
7
14
19
13
0
0
5
2
10
35
14
42
55
3
75
6
65
8
23
6
5
26
25
3
9
45
10
13
6
32
7
12
112
0
67
24
0
6
12
0
5
35
10
43
5
4
11
9
14
3
2
21
0
33
6
4
5
22
43
29
6
16
10
15
2
24
3
15
3
1
6
15
23
17
8
55
36
31
27
4
2
31
0
4
59
35
20
28
21
4
37
1
7
40
6
25
45
4
0
8
0
5
5
2
28
16
29
11
2
1
8
10
7
8
29
0
19
0
5
27
4
48
13
1
6
66
13
8
0
15
4
11
19
7
11
9
18
16
31
0
12
17
2
6
43
4
6
95
15
3
50
11
17
12
61
8
17
8
21
13
0
7
1
16
14
3
11
11
5
2
2
149
7
7
10
10
4
16
37
18
1
1
17
6
4
18
12
0
14
30
7
39
11
7
13
8
24
0
5
1
0
2
24
4
8
33
14
4
9
2
1
0
4
14
28
7
38
13
7
13
1
11
9
6
1
37
21
4
5
0
9
32
44
12
44
2
45
70
107
35
107
5
24
19
5
0
13
4
21
12
1
14
12
4
10
0
7
25
22
22
10
2
5
10
32
47
19
42
67
12
28
15
0
4
40
100
10
15
0
2
17
51
5
48
87
1
47
0
1
17
7
8
7
22
11
15
29
1
6
38
8
15
9
15
10
8
19
38
52
3
14
22
18
11
210
7
11
4
14
25
25
14
22
48
21
1
15
22
39
1
8
4
2
2
13
16
17
5
10
34
9
8
2
17
196
5
113
17
39
2
15
1
24
5
10
4
38
20
13
27
17
137
6
5
35
9
52
8
27
1
6
50
7
1
33
30
25
44
7
0
11
15
61
1
9
21
62
1
1
81
52
3
22
3
0
25
21
12
8
0
1
1
0
18
25
17
1
25
15
0
8
4
87
3
5
2
39
7
15
22
1
0
76
4
22
24
15
76
4
0
12
40
8
13
3
21
7
4
5
5
20
5
2
46
8
0
4
26
15
16
28
37
5
56
4
35
39
16
43
16
17
13
5
2
9
8
25
9
6
135
12
74
13
5
12
17
0
1
68
0
0
15
0
39
26
3
35
12
1
6
55
30
28
0
2
3
24
2
14
13
12
14
84
16
7
33
42
1
19
16
3
42
1
12
19
2
2
8
10
33
31
