32
31
31
42
22
34
33
35
34
29
28
27
39
23
34
36
43
25
34
34
24
50
58
32
30
37
48
30
31
30
46
36
29
35
28
46
37
36
39
42
38
31
27
30
30
43
55
39
29
26
32
29
32
31
25
32
35
52
21
21
53
24
22
29
43
47
25
19
35
45
52
22
35
35
46
28
44
29
38
24
29
27
37
40
68
30
43
47
21
45
39
28
19
24
32
27
35
51
24
30
29
37
50
36
43
25
25
25
54
37
34
33
38
31
29
32
27
38
33
32
29
37
47
42
29
44
24
32
29
34
37
24
27
22
24
40
21
47
36
45
28
33
40
28
32
32
41
25
70
41
55
37
30
27
27
72
40
32
28
34
27
32
35
24
45
30
30
34
76
23
33
31
36
47
32
37
30
18
30
36
27
22
28
22
24
37
39
33
35
34
30
33
31
30
30
37
66
43
29
23
25
34
20
41
33
20
52
25
51
25
37
41
59
22
32
61
40
46
27
28
77
32
25
38
51
33
42
27
30
25
47
45
30
28
53
28
27
32
27
23
66
40
36
29
29
39
43
29
21
36
28
33
35
31
26
26
30
35
43
35
59
43
41
25
31
55
24
34
47
53
41
28
34
28
29
33
34
44
72
36
26
34
24
22
30
35
33
46
19
38
37
45
43
37
31
69
27
33
46
35
43
67
32
30
29
43
78
26
24
44
31
27
24
23
24
27
40
24
46
33
31
27
29
29
37
46
25
28
50
57
27
29
28
31
37
44
31
44
38
35
35
31
33
44
61
34
49
36
35
35
35
30
31
26
27
29
32
30
38
44
47
42
40
33
54
29
38
62
42
30
56
47
32
31
33
34
17
35
25
30
35
35
32
40
39
19
21
34
92
34
28
27
31
29
33
35
20
30
32
42
38
62
33
48
20
52
29
27
33
29
22
45
34
34
23
24
24
47
32
29
34
33
42
48
25
27
32
35
36
43
29
65
34
29
26
26
17
30
46
24
30
42
32
24
29
31
39
47
31
38
48
45
45
24
23
37
36
43
24
51
25
29
30
27
59
37
26
32
29
34
33
99
17
30
32
26
54
33
30
29
37
37
30
41
29
37
36
34
29
19
33
41
25
54
29
25
44
26
36
30
29
51
34
23
35
35
39
38
30
43
45
43
31
31
27
37
30
35
44
30
24
42
47
34
28
47
38
29
29
28
36
21
28
28
41
44
26
40
24
32
58
49
55
37
25
39
48
31
35
28
46
38
33
36
33
39
26
35
43
40
39
56
18
41
49
32
36
43
42
45
25
21
22
23
22
44
40
36
19
33
26
32
33
37
23
74
32
31
27
35
33
44
33
31
30
47
28
31
28
35
45
65
23
21
24
57
35
42
34
34
41
42
23
21
36
40
35
36
44
37
35
30
24
40
23
44
46
31
23
25
27
22
36
39
30
35
31
61
35
24
30
53
25
23
46
42
24
23
31
38
34
33
30
19
37
27
23
40
24
41
29
22
49
40
36
46
37
35
38
32
24
31
43
53
25
31
35
56
47
56
44
33
32
32
60
34
27
34
34
47
26
54
32
40
34
38
47
54
23
37
40
31
21
61
32
29
34
31
36
38
29
24
32
62
35
19
46
25
32
45
37
17
22
66
35
42
33
34
32
40
34
46
19
26
69
53
45
29
30
31
27
27
63
28
50
32
28
43
24
26
43
30
36
31
28
33
31
51
37
30
54
25
31
29
24
32
20
42
28
54
31
39
23
25
29
16
32
34
29
24
45
46
27
21
23
28
29
36
26
29
49
37
33
36
34
61
29
28
34
32
33
26
75
44
37
28
23
32
30
25
29
50
21
32
22
32
36
29
27
34
40
28
34
36
29
26
20
34
27
23
26
48
70
35
31
34
33
36
44
35
51
26
45
38
49
35
19
24
39
50
49
27
35
35
36
30
43
25
26
41
30
29
50
20
41
47
52
39
29
23
54
35
20
33
23
31
18
28
25
49
47
29
18
32
26
30
31
24
78
30
36
27
50
24
40
35
34
40
22
26
30
22
29
27
38
38
43
29
33
46
31
33
23
52
36
20
50
37
33
43
31
35
24
40
41
45
51
30
70
29
36
34
43
39
25
35
24
27
39
34
26
38
32
29
49
49
36
27
59
36
34
26
31
29
31
33
24
37
46
31
39
30
23
23
31
35
20
39
33
23
42
32
28
39
32
25
33
34
21
46
164
48
26
39
42
29
37
36
35
38
51
31
44
26
63
40
27
29
29
25
