291
91
135
25
22
34
994
14
1224
65
110
273
66
6
237
183
152
144
534
205
303
793
124
232
119
167
229
386
77
823
573
418
224
28
42
44
152
319
1
91
249
3
9
103
47
442
461
538
1673
224
822
62
609
549
179
218
1842
59
150
895
104
11
87
203
1707
124
157
579
221
173
350
127
66
355
930
54
140
558
62
149
5
207
139
43
60
109
460
141
309
21
224
92
730
244
228
93
351
310
214
163
935
600
159
1091
92
20
62
138
316
58
389
131
63
417
125
309
499
2202
506
823
24
146
242
31
31
263
452
130
110
50
726
62
138
89
2
299
182
50
332
43
104
127
644
151
279
61
151
292
67
197
879
235
175
22
480
658
103
20
110
87
376
45
92
243
104
215
416
616
51
51
137
5
92
179
369
83
66
49
65
248
509
11
246
620
89
370
271
492
28
131
15
257
302
597
250
909
510
176
69
1668
260
118
574
183
86
105
341
44
52
223
229
58
975
867
46
28
218
567
603
97
229
1076
307
790
54
209
147
129
1683
164
18
905
296
154
92
173
1325
1144
664
55
20
913
2960
18
109
69
9
134
93
369
202
306
32
643
358
380
441
22
111
252
60
3
166
230
23
26
188
284
11
1167
228
53
25
4708
575
56
376
0
17
140
1292
1576
569
116
393
2531
450
4
364
101
223
279
659
26
113
581
299
79
79
80
857
1138
28
58
659
265
392
79
204
231
59
312
86
292
363
245
1225
332
166
1108
11
248
561
497
719
783
192
2080
14
631
414
229
192
151
1352
194
112
404
16
2945
224
608
404
3104
17
134
1061
12
46
666
187
314
96
12
349
6
568
53
1025
49
20
479
17
866
150
186
531
17
60
55
558
512
435
808
593
959
1356
118
60
128
180
77
279
134
151
282
1441
201
2
703
195
259
149
253
353
109
22
394
386
183
4
512
162
122
265
68
112
9
147
127
463
2058
77
125
154
44
94
25
190
183
200
643
159
684
598
358
48
287
434
749
158
95
544
342
254
100
347
99
178
39
269
158
116
18
592
367
141
19
48
270
13
71
47
13
0
136
334
20
2083
68
78
83
377
2370
205
109
178
33
263
205
77
180
32
820
436
202
258
86
231
173
302
2
99
365
265
63
121
342
215
63
157
5
9
117
9
148
286
581
89
121
33
442
14
105
40
685
472
594
257
14
272
4
140
253
361
1247
400
60
783
446
27
29
5
582
120
69
248
526
306
8
297
117
39
500
123
218
226
341
415
19
421
39
253
179
309
10
365
130
1007
32
41
355
21
1194
807
261
85
897
92
317
227
192
28
483
83
74
218
2065
141
480
111
41
71
275
947
148
146
430
173
979
103
1
2
80
910
91
211
137
49
651
125
29
197
395
466
151
133
13
20
786
186
188
204
510
131
549
499
488
200
9
196
18
378
1933
337
11
324
449
411
143
86
7
394
471
417
92
551
267
39
23
940
1596
3
1542
457
869
55
102
153
38
198
57
277
98
49
903
350
907
355
13
81
89
156
189
220
219
92
281
128
1105
136
29
7
18
132
252
385
924
383
68
236
735
451
5
148
868
194
102
504
142
385
921
253
272
509
71
390
232
276
438
587
237
95
166
680
377
1869
119
1946
134
306
474
2171
1586
59
500
5
1294
77
54
1090
83
303
353
219
351
13
320
23
1456
47
303
172
609
235
74
88
40
56
56
65
0
338
1239
110
243
39
109
88
203
603
220
1565
49
520
172
559
220
104
50
772
226
774
134
348
89
635
3
1006
209
59
40
201
1178
213
69
210
3
73
489
921
274
260
561
85
67
85
114
944
397
7
396
732
140
829
34
5
15
828
55
402
23
143
37
292
1401
481
322
535
159
156
52
77
12
779
136
601
298
94
158
36
1
185
0
62
138
231
111
137
1
224
180
71
589
16
20
11
565
106
264
365
0
51
670
15
66
551
426
300
435
16
269
86
337
225
139
143
191
161
436
58
371
588
62
518
206
202
109
68
125
439
357
19
647
388
32
58
12
162
714
625
241
1088
338
618
163
1079
581
66
511
244
268
117
148
66
162
562
27
1206
303
140
74
95
111
27
164
179
138
266
200
218
39
444
129
32
199
248
508
102
1520
153
151
893
30
169
231
803
864
437
55
174
218
296
217
1708
866
113
591
92
504
101
213
116
23
1643
235
154
84
158
171
206
356
303
8
117
98
1052
292
103
40
174
1571
539
114
972
241
113
32
337
3077
1745
105
467
283
451
1031
203
638
660
23
14
1917
106
97
98
77
66
212
2789
486
76
277
503
148
268
3431
2
25
110
68
101
1367
239
40
54
201
46
769
122
150
