3701413,80106,4294967296,0,44316025660 
3702115,83754,8589934592,60129542144,47244640256 
3733251,220758,8589934592,1945620185088,438086664192 
3760116,345994,12884901888,3642132267008,760209211392 
3789325,474892,12884901888,5299989643264,1181116006400 
3818287,594509,17179869184,6970731921408,1567663063040 
3847222,723087,17179869184,8731668512768,1911260446720 
3873458,834257,21474836480,10299331575808,2254857830400 
3902951,968325,21474836480,12038793330688,2675764625408 
3930524,1080195,25769803776,13679470837760,3015067041792 
3959719,1219011,25769803776,15560666513408,3350074490880 
3989202,1341393,30064771072,17291538333696,3749506449408 